# point  x  y  (SVG coords, viewBox 960x720; +y is down)
   1   410.00   118.00
   2   560.00   118.00
   3   380.00   130.00
   4   590.00   130.00
   5   365.00   150.00
   6   405.00   150.00
   7   445.00   150.00
   8   485.00   150.00
   9   525.00   150.00
  10   565.00   150.00
  11   605.00   150.00
  12   350.00   185.00
  13   390.00   185.00
  14   433.00   185.00
  15   480.00   185.00
  16   527.00   185.00
  17   570.00   185.00
  18   615.00   185.00
  19   340.00   218.00
  20   382.00   218.00
  21   427.00   218.00
  22   480.00   218.00
  23   533.00   218.00
  24   578.00   218.00
  25   625.00   218.00
  26   375.00   248.00
  27   432.00   248.00
  28   528.00   248.00
  29   585.00   248.00
  30   405.00   258.00
  31   555.00   258.00
  32   345.00   260.00
  33   615.00   260.00
  34   405.00   265.00
  35   450.00   265.00
  36   510.00   265.00
  37   555.00   265.00
  38   375.00   272.00
  39   432.00   272.00
  40   528.00   272.00
  41   585.00   272.00
  42   455.00   283.00
  43   505.00   283.00
  44   325.00   285.00
  45   375.00   285.00
  46   430.00   285.00
  47   480.00   285.00
  48   530.00   285.00
  49   585.00   285.00
  50   635.00   285.00
  51   480.00   290.00
  52   388.00   300.00
  53   415.00   300.00
  54   540.00   300.00
  55   567.00   300.00
  56   445.00   310.00
  57   512.00   310.00
  58   370.00   313.00
  59   590.00   315.00
  60   452.00   320.00
  61   480.00   320.00
  62   508.00   320.00
  63   448.00   322.00
  64   515.00   322.00
  65   368.00   323.00
  66   588.00   323.00
  67   395.00   332.00
  68   425.00   332.00
  69   535.00   332.00
  70   562.00   332.00
  71   320.00   345.00
  72   365.00   345.00
  73   595.00   345.00
  74   640.00   345.00
  75   448.00   360.00
  76   480.00   360.00
  77   512.00   360.00
  78   325.00   392.00
  79   375.00   392.00
  80   427.00   392.00
  81   480.00   392.00
  82   533.00   392.00
  83   585.00   392.00
  84   635.00   392.00
  85   444.00   400.00
  86   480.00   400.00
  87   516.00   400.00
  88   480.00   430.00
  89   335.00   432.00
  90   380.00   432.00
  91   430.00   432.00
  92   442.00   432.00
  93   480.00   432.00
  94   518.00   432.00
  95   530.00   432.00
  96   580.00   432.00
  97   625.00   432.00
  98   480.00   438.00
  99   462.00   440.00
 100   498.00   440.00
 101   450.00   452.00
 102   510.00   452.00
 103   460.00   460.00
 104   480.00   460.00
 105   500.00   460.00
 106   472.00   464.00
 107   488.00   464.00
 108   345.00   470.00
 109   388.00   470.00
 110   435.00   470.00
 111   480.00   470.00
 112   525.00   470.00
 113   572.00   470.00
 114   615.00   470.00
 115   470.00   492.00
 116   490.00   492.00
 117   480.00   495.00
 118   425.00   498.00
 119   535.00   498.00
 120   450.00   500.00
 121   510.00   500.00
 122   400.00   505.00
 123   560.00   505.00
 124   425.00   520.00
 125   535.00   520.00
 126   480.00   522.00
 127   460.00   524.00
 128   500.00   524.00
 129   365.00   538.00
 130   405.00   538.00
 131   450.00   538.00
 132   480.00   538.00
 133   510.00   538.00
 134   555.00   538.00
 135   595.00   538.00
 136   390.00   578.00
 137   430.00   578.00
 138   480.00   578.00
 139   530.00   578.00
 140   570.00   578.00
 141   430.00   614.00
 142   460.00   614.00
 143   480.00   614.00
 144   500.00   614.00
 145   530.00   614.00
