00000000000000000000000000000000000000000000000000000000000000000000000000000000000000000000000000000000000000000000000000000000
00000000000000000000000000000000000000000000000000000000000000000000000000000000000000000000000000000000000000000000000000000000
00000000011111110000000111111100000001111111000000000000000000011111110000000111111100000001111111000000011111110000000000000000
00000000001000100000000010001000000000100010000000000000000000001000100000000010001000000000100010000000001000100000000000000000
00000000011000110000000110001100000001100011000000000000000000011000110000000110001100000001100011000000011000110000000000000000
00000000001000100000000010001000000000100010000000000000000000001000100000000010001000000000100010000000001000100000000000000000
00000000011000110000000110001100000001100011000000000000000000011000110000000110001100000001100011000000011000110000000000000000
00000000001000100000000010001000000000100010000000000000000000001000100000000010001000000000100010000000001000100000000000000000
11111111111111111111111111111111111111111111111111111111111111111111111111111111111111111111111111111111111111111111111111111111
11111111111111111111111111111111111111111111111111111111111111111111111111111111111111111111111111111111111111111111111111111111
11000000000000000000000000000000000000000000000000000000000000000000000000000000000000000000000000000000000000000000000000000011
11011111111111111111111111111111111111111111111111111111111111111111111111111111111111111111111111111111111111111111111111111011
11011110111111111111111111111111111111111111111111111111111111111111111111111111111111111111111111111111111111111111111101111011
11011110111111111111111111111111111111111111111111111111111111111111111111111111111111111111111111111111111111111111111101111011
11011100011111111111111111111110111010000010000110000011000110111011000110111011000110000010000111111111111111111111111000111011
11010000000111111111111111111110111011101110111010111110111010010010111010011010111010111110111011111111111111111111100000001011
11011100011111111111111111111110111011101110111010111110111010101010111010101010111110111110111011111111111111111111111000111011
11011110111111111111111111111110111011101110111010000110111010101010000010101010111110000110000111111111111111111111111101111011
11011110111111111111111111111111010111101110111010111110111010111010111010110010111110111110101111111111111111111111111101111011
11011111111111111111111111111111010111101110111010111110111010111010111010111010111010111110110111111111111111111111111111111011
11011111111111111111111111111111101110000010000110000011000110111010111010111011000110000010111011111111111111111111111111111011
11011111111111111111111111111111111111111111111111111111111111111111111111111111111111111111111111111111111111111111111111111011
11011111111111111111111111111111111111111111111111111111111111111111111111111111111111111111111111111111111111111111111111111011
11011111111111111111111111111111111111111111111111111111111111111111111111111111111111111111111111111111111111111111111111111011
11011111111111111111111111111111111111111111111111111111111111111111111111111111111111111111111111111111111111111111111111111011
11011111111111111111111111111111111111111111111111111111111111111111111111111111111111111111111111111111111111111111111111111011
11011111111111111111111111111111111111111111111111111111111111111111111111111111111111111111111111111111111111111111111111111011
11011111111111111111111111111111111111111111111111111111111111111111111111111111111111111111111111111111111111111111111111111011
11011111111111111111111111111111111111111111111111111111111111111111111111111111111111111111111111111111111111111111111111111011
11011111111111111111111111111111111111111111111111111111111111111111111111111111111111111111111111111111111111111110001111111011
11011111111111111111111111111111111111111111111111111111111111111111111111111111111111111111111111111111111111111110001111111011
11011111111111110111111111111111110111111111111111110111111111111111111100000000000000000000000000000001111111111110001111111011
11011111111111000001111111111111000001111111111111000001111111111111111101111111111111111111111111111101111111111110001111111011
11011111111110110110111111111110110110111111111110110110111111111111111101000000000000000000000000000101111111111110001111111011
11011111111110110110111111111110110110111111111110110110111111111111111101000000000000000000000000000101111111111110001111111011
11011111111101110111011111111101110111011111111101110111011111111111111101000000000000000000000000000101111111111110001111111011
11011111111110111110111111111110111110111111111110111110111111111111111101000000000000000000000000000101111111111110001111111011
11011111111110111110111111111110111110111111111110111110111111111111111101001001001001001001001001000101111111111110001111111011
11011111111111001001111111111111001001111111111111001001111111111111111101000000000000000000000000000101111111111110001111111011
11011111111111110111111111111111110111111111111111110111111111111111111101000000000000000000000000000101111111111110001111111011
11011111111111111111111111111111111111111111111111111111111111111111111101000000000000000000000000000101111111111110001111111011
11011111111111111111111111111111111111111111111111111111111111111111111101000000000000000000000000000101111111111110001111111011
11011111111111111111111111111111111111111111111111111111111111111111111101001001001001001001001001000101111111111110001111111011
11011111111111111111111111111111111111111111111111111111111111111111111101000000000000000000000000000101111111111110001111111011
11011111111111111111111111111111111111111111111111111111111111111111111101000000000000000000000000000101111111111110001111111011
11011111111111111111111111111111111111111111111111111111111111111111111101000000000000000000000000000101111111111110001111111011
11011111111111111111111111111111111111111111111111111111111111111111111101111111111111111111111111111101111111111110001111111011
11011111111111111111111111111111111111111111111111111111111111111111111100000000000000000000000000000001111111111110001111111011
11011111111111111111111111111111111111111111111111111111111111111111111111111111111111111111111111111111111111111111111111111011
11011111111111110111111111111111110111111111111111110111111111111111111111111111111111111111111111111111111111110000000001111011
11011111111111000001111111111111000001111111111111000001111111111111111111111111111111111111111111111111111111110111111101111011
11011111111110110110111111111110110110111111111110110110111111111111111111111111111111111111111111111111111111111111111111111011
11011111111110110110111111111110110110111111111110110110111111111111111111111111111111111111111111111111111111111111111111111011
11011111111101110111011111111101110111011111111101110111011111111111111111111111111111111111111111111111111111111111111111111011
11011111111110111110111111111110111110111111111110111110111111111111111111111111111111111111111111111111111111110111111101111011
11011111111110111110111111111110111110111111111110111110111111111111111000000011111000000011111000000011111111110000000001111011
11011111111111001001111111111111001001111111111111001001111111111111111011111011111011111011111011111011111111111111111111111011
11011111111111110111111111111111110111111111111111110111111111111111111011111011111011111011111011111011111111111110001111111011
11011111111111111111111111111111111111111111111111111111111111111111111011111011111011111011111011111011111111111110001111111011
11011111111111111111111111111111111111111111111111111111111111111111111011111011111011111011111011111011111111111110001111111011
11011111111111111111111111111111111111111111111111111111111111111111111000000011111000000011111000000011111111111110001111111011
11011111111111111111111111111111111111111111111111111111111111111111111111111111111111111111111111111111111111111110001111111011
11011111111111111111111111111111111111111111111111111111111111111111111111111111111111111111111111111111111111111110001111111011
11011111111111111111111111111111111111111111111111111111111111111111111111111111111111111111111111111111111111111110001111111011
11011111111111111111111111111111111111111111111111111111111111111111111111111111111111111111111111111111111111111110001111111011
11011111111111111111111111111111111111111111111111111111111111111111111111111111111111111111111111111111111111111110001111111011
11011111111111111111111111111111111111111111111111111111111111111111111000000011111000000011111000000011111111111110001111111011
11011111111111110111111111111111110111111111111111110111111111111111111011111011111011111011111011111011111111111110001111111011
11011111111111000001111111111111000001111111111111000001111111111111111011111011111011111011111011111011111111111110001111111011
11011111111110110110111111111110110110111111111110110110111111111111111011111011111011111011111011111011111111111110001111111011
11011111111110110110111111111110110110111111111110110110111111111111111011111011111011111011111011111011111111111110001111111011
11011111111101110111011111111101110111011111111101110111011111111111111000000011111000000011111000000011111111111110001111111011
11011111111110111110111111111110111110111111111110111110111111111111111111111111111111111111111111111111111111111110001111111011
11011111111110111110111111111110111110111111111110111110111111111111111111111111111111111111111111111111111111111110001111111011
11011111111111001001111111111111001001111111111111001001111111111111111111111111111111111111111111111111111111111110001111111011
11011111111111110111111111111111110111111111111111110111111111111111111111111111111111111111111111111111111111111110001111111011
11011111111111111111111111111111111111111111111111111111111111111111111111111111111111111111111111111111111111111110001111111011
11011111111111111111111111111111111111111111111111111111111111111111111000000011111000000011111000000011111111111110001111111011
11011111111111111111111111111111111111111111111111111111111111111111111011111011111011111011111011111011111111111110001111111011
11011111111111111111111111111111111111111111111111111111111111111111111011111011111011111011111011111011111111111110001111111011
11011111111111111111111111111111111111111111111111111111111111111111111011111011111011111011111011111011111111111110001111111011
11011111111111111111111111111111111111111111111111111111111111111111111011111011111011111011111011111011111111111110001111111011
11011111111111111111111111111111111111111111111111111111111111111111111000000011111000000011111000000011111111111110001111111011
11011111111111111111111111111111111111111111111111111111111111111111111111111111111111111111111111111111111111111110001111111011
11011111111111111111111111111111111111111111111111111111111111111111111111111111111111111111111111111111111111111110001111111011
11011111111111111111111111111111111111111111111111111111111111111111111111111111111111111111111111111111111111111110001111111011
11011111111111111111111111111111111111111111111111111111111111111111111111111111111111111111111111111111111111111110001111111011
11011111111111111111111111111111111111111111111111111111111111111111111111111111111111111111111111111111111111111110001111111011
11011111111111111111111111111111111111111111111111111111111111111111111111111111111111111111111111111111111111111110001111111011
11011111111111111111111111111111111111111111111111111111111111111111111111111111111111111111111111111111111111111110001111111011
11011111111111111111111111111111111111111111111111111111111111111111111111111111111111111111111111111111111111111110001111111011
11011111111111111111111111111111111111111111111111111111111111111111111111111111111111111111111111111111111111111110001111111011
11011111111111111111111111111111111111111111111111111111111111111111111111111111111111111111111111111111111111111110001111111011
11011111111111111111111111111111111111111111111111111111111111111111111111111111111111111111111111111111111111111110001111111011
11011111111111111111111111111111111111111111111111111111111111111111111111111111111111111111111111111111111111111110001111111011
11011111111111111111111111111111111111111111111111111111111111111111111111111111111111111111111111111111111111111110001111111011
11011111111111111111111111111111111111111111111111111111111111111111111111111111111111111111111111111111111111111110001111111011
11011111111111111111111111111111111111111111111111111111111111111111111111111111111111111111111111111111111111111110001111111011
11011111111111111111111111111111111111111111111111111111111111111111111111111111111111111111111111111111111111111110001111111011
11011111111111111111111111111111111111111111111111111111111111111111111111111111111111111111111111111111111111111110001111111011
11011111111111011111111111011111111111011111111111011111111111011111111111111111111111111111111111111111111111111111111111111011
11011110111110001111111110001111111110001111111110001111111110001111111111111111111111111111111111111111111111111111111101111011
11011110111100000111111100000111111100000111111100000111111100000111111111111111111111111111111111111111111111111111111101111011
11011100011110001111111110001111111110001111111110001111111110001111111111111111111111111111111111111111111111111111111000111011
11010000000111011111111111011111111111011111111111011111111111011111111111111111111111111111111111111111111111111111100000001011
11011100011111111111111111111111111111111111111111111111111111111111111111111111111111111111111111111111111111111111111000111011
11011110111111111111111111111111111111111111111111111111111111111111111111111111111111111111111111111111111111111111111101111011
11011110111111111111111111111111111111111111111111111111111111111111111111111111111111111111111111111111111111111111111101111011
11011111111111111111111111111111111111111111111111111111111111111111111111111111111111111111111111111111111111111111111111111011
11000000000000000000000000000000000000000000000000000000000000000000000000000000000000000000000000000000000000000000000000000011
11111111111111111111111111111111111111111111111111111111111111111111111111111111111111111111111111111111111111111111111111111111
11111111111111111111111111111111111111111111111111111111111111111111111111111111111111111111111111111111111111111111111111111111